0.001000	0.000000
0.011000	0.000008
0.021000	0.000028
0.031000	0.000060
0.041000	0.000105
0.051000	0.000162
0.061000	0.000232
0.071000	0.000315
0.081000	0.000410
0.091000	0.000517
0.101000	0.000636
0.111000	0.000768
0.121000	0.000913
0.131000	0.001070
0.141000	0.001238
0.151000	0.001420
0.161000	0.001613
0.171000	0.001819
0.181000	0.002036
0.191000	0.002266
0.201000	0.002508
0.211000	0.002762
0.221000	0.003028
0.231000	0.003306
0.241000	0.003595
0.251000	0.003897
0.261000	0.004210
0.271000	0.004535
0.281000	0.004871
0.291000	0.005219
0.301000	0.005579
0.311000	0.005950
0.321000	0.006332
0.331000	0.006726
0.341000	0.007130
0.351000	0.007546
0.361000	0.007973
0.371000	0.008411
0.381000	0.008860
0.391000	0.009320
0.401000	0.009790
0.411000	0.010272
0.421000	0.010763
0.431000	0.011266
0.441000	0.011778
0.451000	0.012301
0.461000	0.012834
0.471000	0.013378
0.481000	0.013931
0.491000	0.014494
0.501000	0.015068
0.511000	0.015651
0.521000	0.016243
0.531000	0.016846
0.541000	0.017457
0.551000	0.018079
0.561000	0.018709
0.571000	0.019349
0.581000	0.019998
0.591000	0.020655
0.601000	0.021322
0.611000	0.021998
0.621000	0.022682
0.631000	0.023375
0.641000	0.024076
0.651000	0.024786
0.661000	0.025504
0.671000	0.026230
0.681000	0.026964
0.691000	0.027707
0.701000	0.028457
0.711000	0.029215
0.721000	0.029981
0.731000	0.030754
0.741000	0.031535
0.751000	0.032324
0.761000	0.033120
0.771000	0.033922
0.781000	0.034732
0.791000	0.035550
0.801000	0.036374
0.811000	0.037204
0.821000	0.038042
0.831000	0.038886
0.841000	0.039737
0.851000	0.040594
0.861000	0.041458
0.871000	0.042327
0.881000	0.043203
0.891000	0.044085
0.901000	0.044974
0.911000	0.045868
0.921000	0.046767
0.931000	0.047673
0.941000	0.048584
0.951000	0.049501
0.961000	0.050423
0.971000	0.051351
0.981000	0.052283
0.991000	0.053222
1.001000	0.054165
1.011000	0.055113
1.021000	0.056066
1.031000	0.057025
1.041000	0.057988
1.051000	0.058955
1.061000	0.059928
1.071000	0.060905
1.081000	0.061887
1.091000	0.062873
1.101000	0.063863
1.111000	0.064858
1.121000	0.065857
1.131000	0.066860
1.141000	0.067868
1.151000	0.068879
1.161000	0.069895
1.171000	0.070914
1.181000	0.071937
1.191000	0.072964
1.201000	0.073995
1.211000	0.075030
1.221000	0.076068
1.231000	0.077110
1.241000	0.078155
1.251000	0.079204
1.261000	0.080256
1.271000	0.081312
1.281000	0.082371
1.291000	0.083433
1.301000	0.084499
1.311000	0.085568
1.321000	0.086640
1.331000	0.087715
1.341000	0.088793
1.351000	0.089874
1.361000	0.090958
1.371000	0.092045
1.381000	0.093135
1.391000	0.094228
1.401000	0.095324
1.411000	0.096423
1.421000	0.097524
1.431000	0.098629
1.441000	0.099736
1.451000	0.100845
1.461000	0.101958
1.471000	0.103073
1.481000	0.104190
1.491000	0.105311
1.501000	0.106434
1.511000	0.107559
1.521000	0.108687
1.531000	0.109818
1.541000	0.110951
1.551000	0.112086
1.561000	0.113224
1.571000	0.114365
1.581000	0.115508
1.591000	0.116653
1.601000	0.117801
1.611000	0.118951
1.621000	0.120103
1.631000	0.121258
1.641000	0.122416
1.651000	0.123575
1.661000	0.124738
1.671000	0.125902
1.681000	0.127069
1.691000	0.128238
1.701000	0.129410
1.711000	0.130583
1.721000	0.131760
1.731000	0.132938
1.741000	0.134119
1.751000	0.135303
1.761000	0.136488
1.771000	0.137676
1.781000	0.138867
1.791000	0.140060
1.801000	0.141255
1.811000	0.142452
1.821000	0.143652
1.831000	0.144854
1.841000	0.146059
1.851000	0.147266
1.861000	0.148476
1.871000	0.149688
1.881000	0.150902
1.891000	0.152119
1.901000	0.153339
1.911000	0.154560
1.921000	0.155785
1.931000	0.157012
1.941000	0.158241
1.951000	0.159473
1.961000	0.160708
1.971000	0.161945
1.981000	0.163185
1.991000	0.164427
2.001000	0.165672
2.011000	0.166920
2.021000	0.168170
2.031000	0.169423
2.041000	0.170679
2.051000	0.171937
2.061000	0.173198
2.071000	0.174462
2.081000	0.175729
2.091000	0.176999
2.101000	0.178271
2.111000	0.179547
2.121000	0.180825
2.131000	0.182107
2.141000	0.183391
2.151000	0.184678
2.161000	0.185968
2.171000	0.187262
2.181000	0.188558
2.191000	0.189857
2.201000	0.191160
2.211000	0.192466
2.221000	0.193775
2.231000	0.195087
2.241000	0.196402
2.251000	0.197721
2.261000	0.199043
2.271000	0.200369
2.281000	0.201697
2.291000	0.203030
2.301000	0.204365
2.311000	0.205704
2.321000	0.207047
2.331000	0.208393
2.341000	0.209743
2.351000	0.211096
2.361000	0.212453
2.371000	0.213814
2.381000	0.215178
2.391000	0.216547
2.401000	0.217919
2.411000	0.219294
2.421000	0.220674
2.431000	0.222058
2.441000	0.223445
2.451000	0.224837
2.461000	0.226232
2.471000	0.227632
2.481000	0.229035
2.491000	0.230443
2.501000	0.231855
2.511000	0.233271
2.521000	0.234691
2.531000	0.236116
2.541000	0.237545
2.551000	0.238978
2.561000	0.240416
2.571000	0.241858
2.581000	0.243305
2.591000	0.244756
2.601000	0.246212
2.611000	0.247672
2.621000	0.249137
2.631000	0.250607
2.641000	0.252082
2.651000	0.253561
2.661000	0.255045
2.671000	0.256534
2.681000	0.258028
2.691000	0.259526
2.701000	0.261030
2.711000	0.262539
2.721000	0.264052
2.731000	0.265571
2.741000	0.267095
2.751000	0.268624
2.761000	0.270159
2.771000	0.271699
2.781000	0.273244
2.791000	0.274794
2.801000	0.276350
2.811000	0.277911
2.821000	0.279478
2.831000	0.281050
2.841000	0.282628
2.851000	0.284211
2.861000	0.285800
2.871000	0.287395
2.881000	0.288996
2.891000	0.290602
2.901000	0.292214
2.911000	0.293833
2.921000	0.295457
2.931000	0.297086
2.941000	0.298722
2.951000	0.300364
2.961000	0.302013
2.971000	0.303667
2.981000	0.305327
2.991000	0.306994
3.001000	0.308667
3.011000	0.310346
3.021000	0.312032
3.031000	0.313724
3.041000	0.315422
3.051000	0.317127
3.061000	0.318838
3.071000	0.320556
3.081000	0.322281
3.091000	0.324012
3.101000	0.325750
3.111000	0.327495
3.121000	0.329246
3.131000	0.331004
3.141000	0.332769
3.151000	0.334541
3.161000	0.336320
3.171000	0.338106
3.181000	0.339899
3.191000	0.341699
3.201000	0.343506
3.211000	0.345320
3.221000	0.347142
3.231000	0.348971
3.241000	0.350806
3.251000	0.352650
3.261000	0.354500
3.271000	0.356358
3.281000	0.358223
3.291000	0.360096
3.301000	0.361976
3.311000	0.363864
3.321000	0.365760
3.331000	0.367663
3.341000	0.369573
3.351000	0.371491
3.361000	0.373417
3.371000	0.375351
3.381000	0.377293
3.391000	0.379242
3.401000	0.381199
3.411000	0.383164
3.421000	0.385137
3.431000	0.387118
3.441000	0.389107
3.451000	0.391104
3.461000	0.393109
3.471000	0.395122
3.481000	0.397143
3.491000	0.399173
3.501000	0.401210
3.511000	0.403256
3.521000	0.405310
3.531000	0.407372
3.541000	0.409442
3.551000	0.411521
3.561000	0.413608
3.571000	0.415703
3.581000	0.417807
3.591000	0.419920
3.601000	0.422040
3.611000	0.424169
3.621000	0.426307
3.631000	0.428453
3.641000	0.430608
3.651000	0.432771
3.661000	0.434942
3.671000	0.437123
3.681000	0.439312
3.691000	0.441509
3.701000	0.443715
3.711000	0.445930
3.721000	0.448153
3.731000	0.450386
3.741000	0.452626
3.751000	0.454876
3.761000	0.457134
3.771000	0.459401
3.781000	0.461677
3.791000	0.463961
3.801000	0.466254
3.811000	0.468556
3.821000	0.470867
3.831000	0.473186
3.841000	0.475514
3.851000	0.477851
3.861000	0.480197
3.871000	0.482552
3.881000	0.484915
3.891000	0.487287
3.901000	0.489668
3.911000	0.492057
3.921000	0.494456
3.931000	0.496863
3.941000	0.499279
3.951000	0.501703
3.961000	0.504136
3.971000	0.506578
3.981000	0.509029
3.991000	0.511488
4.001000	0.513956
4.011000	0.516433
4.021000	0.518918
4.031000	0.521412
4.041000	0.523915
4.051000	0.526426
4.061000	0.528946
4.071000	0.531474
4.081000	0.534010
4.091000	0.536556
4.101000	0.539109
4.111000	0.541671
4.121000	0.544241
4.131000	0.546820
4.141000	0.549407
4.151000	0.552002
4.161000	0.554606
4.171000	0.557217
4.181000	0.559837
4.191000	0.562465
4.201000	0.565101
4.211000	0.567745
4.221000	0.570397
4.231000	0.573057
4.241000	0.575725
4.251000	0.578400
4.261000	0.581083
4.271000	0.583774
4.281000	0.586473
4.291000	0.589179
4.301000	0.591892
4.311000	0.594613
4.321000	0.597342
4.331000	0.600078
4.341000	0.602820
4.351000	0.605571
4.361000	0.608328
4.371000	0.611092
4.381000	0.613863
4.391000	0.616641
4.401000	0.619426
4.411000	0.622217
4.421000	0.625015
4.431000	0.627819
4.441000	0.630630
4.451000	0.633447
4.461000	0.636271
4.471000	0.639100
4.481000	0.641936
4.491000	0.644777
4.501000	0.647624
4.511000	0.650477
4.521000	0.653336
4.531000	0.656200
4.541000	0.659070
4.551000	0.661944
4.561000	0.664824
4.571000	0.667709
4.581000	0.670599
4.591000	0.673493
4.601000	0.676393
4.611000	0.679297
4.621000	0.682205
4.631000	0.685117
4.641000	0.688034
4.651000	0.690955
4.661000	0.693879
4.671000	0.696807
4.681000	0.699739
4.691000	0.702674
4.701000	0.705613
4.711000	0.708555
4.721000	0.711499
4.731000	0.714447
4.741000	0.717397
4.751000	0.720350
4.761000	0.723305
4.771000	0.726262
4.781000	0.729221
4.791000	0.732183
4.801000	0.735146
4.811000	0.738110
4.821000	0.741076
4.831000	0.744043
4.841000	0.747011
4.851000	0.749980
4.861000	0.752949
4.871000	0.755919
4.881000	0.758890
4.891000	0.761860
4.901000	0.764830
4.911000	0.767801
4.921000	0.770770
4.931000	0.773739
4.941000	0.776707
4.951000	0.779674
4.961000	0.782640
4.971000	0.785605
4.981000	0.788567
4.991000	0.791528
5.001000	0.794487
5.011000	0.797444
5.021000	0.800398
5.031000	0.803349
5.041000	0.806298
5.051000	0.809244
5.061000	0.812186
5.071000	0.815124
5.081000	0.818059
5.091000	0.820990
5.101000	0.823917
5.111000	0.826840
5.121000	0.829757
5.131000	0.832670
5.141000	0.835578
5.151000	0.838481
5.161000	0.841378
5.171000	0.844270
5.181000	0.847155
5.191000	0.850034
5.201000	0.852907
5.211000	0.855773
5.221000	0.858633
5.231000	0.861485
5.241000	0.864330
5.251000	0.867167
5.261000	0.869997
5.271000	0.872819
5.281000	0.875632
5.291000	0.878437
5.301000	0.881233
5.311000	0.884020
5.321000	0.886799
5.331000	0.889567
5.341000	0.892326
5.351000	0.895076
5.361000	0.897815
5.371000	0.900543
5.381000	0.903262
5.391000	0.905969
5.401000	0.908666
5.411000	0.911351
5.421000	0.914025
5.431000	0.916687
5.441000	0.919337
5.451000	0.921975
5.461000	0.924601
5.471000	0.927214
5.481000	0.929814
5.491000	0.932402
5.501000	0.934976
5.511000	0.937536
5.521000	0.940083
5.531000	0.942616
5.541000	0.945135
5.551000	0.947640
5.561000	0.950130
5.571000	0.952605
5.581000	0.955066
5.591000	0.957511
5.601000	0.959941
5.611000	0.962355
5.621000	0.964754
5.631000	0.967136
5.641000	0.969503
5.651000	0.971853
5.661000	0.974187
5.671000	0.976504
5.681000	0.978804
5.691000	0.981087
5.701000	0.983352
5.711000	0.985601
5.721000	0.987831
5.731000	0.990044
5.741000	0.992239
5.751000	0.994416
5.761000	0.996574
5.771000	0.998714
5.781000	1.000836
5.791000	1.002938
5.801000	1.005022
5.811000	1.007086
5.821000	1.009132
5.831000	1.011158
5.841000	1.013165
5.851000	1.015151
5.861000	1.017119
5.871000	1.019066
5.881000	1.020993
5.891000	1.022900
5.901000	1.024787
5.911000	1.026653
5.921000	1.028499
5.931000	1.030325
5.941000	1.032129
5.951000	1.033913
5.961000	1.035676
5.971000	1.037418
5.981000	1.039139
5.991000	1.040838
6.001000	1.042517
6.011000	1.044174
6.021000	1.045809
6.031000	1.047423
6.041000	1.049016
6.051000	1.050587
6.061000	1.052136
6.071000	1.053664
6.081000	1.055169
6.091000	1.056653
6.101000	1.058115
6.111000	1.059555
6.121000	1.060973
6.131000	1.062370
6.141000	1.063744
6.151000	1.065096
6.161000	1.066426
6.171000	1.067734
6.181000	1.069019
6.191000	1.070283
6.201000	1.071525
6.211000	1.072744
6.221000	1.073941
6.231000	1.075117
6.241000	1.076270
6.251000	1.077401
6.261000	1.078510
6.271000	1.079597
6.281000	1.080662
6.291000	1.081704
6.301000	1.082725
6.311000	1.083724
6.321000	1.084701
6.331000	1.085657
6.341000	1.086590
6.351000	1.087502
6.361000	1.088392
6.371000	1.089260
6.381000	1.090107
6.391000	1.090932
6.401000	1.091736
6.411000	1.092518
6.421000	1.093279
6.431000	1.094019
6.441000	1.094738
6.451000	1.095435
6.461000	1.096112
6.471000	1.096768
6.481000	1.097402
6.491000	1.098016
6.501000	1.098610
6.511000	1.099183
6.521000	1.099736
6.531000	1.100268
6.541000	1.100780
6.551000	1.101272
6.561000	1.101744
6.571000	1.102196
6.581000	1.102628
6.591000	1.103041
6.601000	1.103434
6.611000	1.103808
6.621000	1.104162
6.631000	1.104498
6.641000	1.104814
6.651000	1.105112
6.661000	1.105391
6.671000	1.105651
6.681000	1.105893
6.691000	1.106117
6.701000	1.106322
6.711000	1.106509
6.721000	1.106679
6.731000	1.106831
6.741000	1.106965
6.751000	1.107082
6.761000	1.107181
6.771000	1.107264
6.781000	1.107330
6.791000	1.107378
6.801000	1.107410
6.811000	1.107426
6.821000	1.107426
6.831000	1.107409
6.841000	1.107376
6.851000	1.107328
6.861000	1.107263
6.871000	1.107184
6.881000	1.107089
6.891000	1.106979
6.901000	1.106854
6.911000	1.106714
6.921000	1.106559
6.931000	1.106390
6.941000	1.106207
6.951000	1.106010
6.961000	1.105798
6.971000	1.105573
6.981000	1.105335
6.991000	1.105083
7.001000	1.104818
7.011000	1.104539
7.021000	1.104248
7.031000	1.103944
7.041000	1.103628
7.051000	1.103299
7.061000	1.102958
7.071000	1.102605
7.081000	1.102240
7.091000	1.101863
7.101000	1.101475
7.111000	1.101076
7.121000	1.100665
7.131000	1.100244
7.141000	1.099812
7.151000	1.099369
7.161000	1.098916
7.171000	1.098452
7.181000	1.097979
7.191000	1.097495
7.201000	1.097002
7.211000	1.096499
7.221000	1.095987
7.231000	1.095465
7.241000	1.094935
7.251000	1.094395
7.261000	1.093847
7.271000	1.093291
7.281000	1.092726
7.291000	1.092152
7.301000	1.091571
7.311000	1.090982
7.321000	1.090385
7.331000	1.089780
7.341000	1.089168
7.351000	1.088549
7.361000	1.087923
7.371000	1.087290
7.381000	1.086650
7.391000	1.086004
7.401000	1.085351
7.411000	1.084692
7.421000	1.084026
7.431000	1.083355
7.441000	1.082678
7.451000	1.081995
7.461000	1.081307
7.471000	1.080613
7.481000	1.079914
7.491000	1.079211
7.501000	1.078502
7.511000	1.077788
7.521000	1.077070
7.531000	1.076347
7.541000	1.075620
7.551000	1.074889
7.561000	1.074153
7.571000	1.073414
7.581000	1.072671
7.591000	1.071924
7.601000	1.071174
7.611000	1.070421
7.621000	1.069664
7.631000	1.068904
7.641000	1.068141
7.651000	1.067375
7.661000	1.066607
7.671000	1.065835
7.681000	1.065062
7.691000	1.064286
7.701000	1.063508
7.711000	1.062727
7.721000	1.061945
7.731000	1.061161
7.741000	1.060375
7.751000	1.059588
7.761000	1.058798
7.771000	1.058008
7.781000	1.057216
7.791000	1.056423
7.801000	1.055629
7.811000	1.054834
7.821000	1.054039
7.831000	1.053242
7.841000	1.052445
7.851000	1.051647
7.861000	1.050849
7.871000	1.050050
7.881000	1.049252
7.891000	1.048453
7.901000	1.047654
7.911000	1.046855
7.921000	1.046056
7.931000	1.045258
7.941000	1.044460
7.951000	1.043662
7.961000	1.042865
7.971000	1.042068
7.981000	1.041272
7.991000	1.040477
8.001000	1.039683
8.011000	1.038890
8.021000	1.038098
8.031000	1.037307
8.041000	1.036517
8.051000	1.035729
8.061000	1.034941
8.071000	1.034156
8.081000	1.033371
8.091000	1.032589
8.101000	1.031808
8.111000	1.031029
8.121000	1.030251
8.131000	1.029476
8.141000	1.028702
8.151000	1.027931
8.161000	1.027162
8.171000	1.026394
8.181000	1.025629
8.191000	1.024867
8.201000	1.024106
8.211000	1.023348
8.221000	1.022593
8.231000	1.021840
8.241000	1.021090
8.251000	1.020342
8.261000	1.019597
8.271000	1.018855
8.281000	1.018116
8.291000	1.017379
8.301000	1.016646
8.311000	1.015915
8.321000	1.015188
8.331000	1.014463
8.341000	1.013742
8.351000	1.013024
8.361000	1.012309
8.371000	1.011598
8.381000	1.010890
8.391000	1.010185
8.401000	1.009484
8.411000	1.008786
8.421000	1.008091
8.431000	1.007401
8.441000	1.006713
8.451000	1.006030
8.461000	1.005350
8.471000	1.004674
8.481000	1.004001
8.491000	1.003333
8.501000	1.002668
8.511000	1.002007
8.521000	1.001350
8.531000	1.000697
8.541000	1.000048
8.551000	0.999403
8.561000	0.998761
8.571000	0.998124
8.581000	0.997491
8.591000	0.996863
8.601000	0.996238
8.611000	0.995617
8.621000	0.995001
8.631000	0.994389
8.641000	0.993781
8.651000	0.993178
8.661000	0.992578
8.671000	0.991983
8.681000	0.991393
8.691000	0.990807
8.701000	0.990225
8.711000	0.989648
8.721000	0.989075
8.731000	0.988506
8.741000	0.987942
8.751000	0.987383
8.761000	0.986828
8.771000	0.986278
8.781000	0.985732
8.791000	0.985191
8.801000	0.984654
8.811000	0.984122
8.821000	0.983595
8.831000	0.983072
8.841000	0.982554
8.851000	0.982040
8.861000	0.981532
8.871000	0.981027
8.881000	0.980528
8.891000	0.980033
8.901000	0.979543
8.911000	0.979058
8.921000	0.978578
8.931000	0.978102
8.941000	0.977631
8.951000	0.977165
8.961000	0.976704
8.971000	0.976247
8.981000	0.975795
8.991000	0.975348
9.001000	0.974906
9.011000	0.974469
9.021000	0.974036
9.031000	0.973608
9.041000	0.973185
9.051000	0.972767
9.061000	0.972354
9.071000	0.971946
9.081000	0.971542
9.091000	0.971143
9.101000	0.970750
9.111000	0.970360
9.121000	0.969976
9.131000	0.969597
9.141000	0.969223
9.151000	0.968853
9.161000	0.968488
9.171000	0.968128
9.181000	0.967773
9.191000	0.967423
9.201000	0.967078
9.211000	0.966737
9.221000	0.966401
9.231000	0.966070
9.241000	0.965744
9.251000	0.965423
9.261000	0.965107
9.271000	0.964795
9.281000	0.964489
9.291000	0.964187
9.301000	0.963890
9.311000	0.963597
9.321000	0.963310
9.331000	0.963027
9.341000	0.962749
9.351000	0.962476
9.361000	0.962208
9.371000	0.961944
9.381000	0.961685
9.391000	0.961431
9.401000	0.961182
9.411000	0.960937
9.421000	0.960697
9.431000	0.960462
9.441000	0.960232
9.451000	0.960006
9.461000	0.959785
9.471000	0.959569
9.481000	0.959357
9.491000	0.959150
9.501000	0.958947
9.511000	0.958750
9.521000	0.958556
9.531000	0.958368
9.541000	0.958184
9.551000	0.958005
9.561000	0.957830
9.571000	0.957660
9.581000	0.957494
9.591000	0.957333
9.601000	0.957176
9.611000	0.957024
9.621000	0.956877
9.631000	0.956734
9.641000	0.956595
9.651000	0.956461
9.661000	0.956331
9.671000	0.956206
9.681000	0.956085
9.691000	0.955968
9.701000	0.955856
9.711000	0.955749
9.721000	0.955645
9.731000	0.955546
9.741000	0.955452
9.751000	0.955361
9.761000	0.955275
9.771000	0.955193
9.781000	0.955116
9.791000	0.955042
9.801000	0.954973
9.811000	0.954908
9.821000	0.954847
9.831000	0.954791
9.841000	0.954738
9.851000	0.954690
9.861000	0.954646
9.871000	0.954606
9.881000	0.954570
9.891000	0.954538
9.901000	0.954510
9.911000	0.954486
9.921000	0.954466
9.931000	0.954450
9.941000	0.954438
9.951000	0.954430
9.961000	0.954426
9.971000	0.954426
9.981000	0.954430
9.991000	0.954437
10.001000	0.954449
10.011000	0.954464
10.021000	0.954483
10.031000	0.954506
10.041000	0.954532
10.051000	0.954563
10.061000	0.954597
10.071000	0.954634
10.081000	0.954676
10.091000	0.954721
10.101000	0.954769
10.111000	0.954822
10.121000	0.954877
10.131000	0.954937
10.141000	0.955000
10.151000	0.955066
10.161000	0.955136
10.171000	0.955209
10.181000	0.955286
10.191000	0.955367
10.201000	0.955450
10.211000	0.955537
10.221000	0.955628
10.231000	0.955721
10.241000	0.955818
10.251000	0.955919
10.261000	0.956022
10.271000	0.956129
10.281000	0.956239
10.291000	0.956352
10.301000	0.956469
10.311000	0.956588
10.321000	0.956711
10.331000	0.956836
10.341000	0.956965
10.351000	0.957097
10.361000	0.957231
10.371000	0.957369
10.381000	0.957510
10.391000	0.957654
10.401000	0.957800
10.411000	0.957950
10.421000	0.958102
10.431000	0.958257
10.441000	0.958415
10.451000	0.958576
10.461000	0.958739
10.471000	0.958905
10.481000	0.959074
10.491000	0.959246
10.501000	0.959420
10.511000	0.959597
10.521000	0.959776
10.531000	0.959958
10.541000	0.960143
10.551000	0.960330
10.561000	0.960519
10.571000	0.960711
10.581000	0.960905
10.591000	0.961102
10.601000	0.961301
10.611000	0.961503
10.621000	0.961707
10.631000	0.961913
10.641000	0.962121
10.651000	0.962332
10.661000	0.962545
10.671000	0.962760
10.681000	0.962977
10.691000	0.963196
10.701000	0.963418
10.711000	0.963641
10.721000	0.963867
10.731000	0.964094
10.741000	0.964324
10.751000	0.964555
10.761000	0.964789
10.771000	0.965024
10.781000	0.965261
10.791000	0.965500
10.801000	0.965741
10.811000	0.965984
10.821000	0.966228
10.831000	0.966474
10.841000	0.966722
10.851000	0.966971
10.861000	0.967223
10.871000	0.967475
10.881000	0.967730
10.891000	0.967986
10.901000	0.968243
10.911000	0.968502
10.921000	0.968762
10.931000	0.969024
10.941000	0.969287
10.951000	0.969552
10.961000	0.969818
10.971000	0.970085
10.981000	0.970354
10.991000	0.970624
11.001000	0.970895
11.011000	0.971167
11.021000	0.971441
11.031000	0.971715
11.041000	0.971991
11.051000	0.972268
11.061000	0.972546
11.071000	0.972825
11.081000	0.973105
11.091000	0.973386
11.101000	0.973668
11.111000	0.973951
11.121000	0.974234
11.131000	0.974519
11.141000	0.974804
11.151000	0.975091
11.161000	0.975378
11.171000	0.975665
11.181000	0.975954
11.191000	0.976243
11.201000	0.976533
11.211000	0.976823
11.221000	0.977114
11.231000	0.977406
11.241000	0.977698
11.251000	0.977990
11.261000	0.978284
11.271000	0.978577
11.281000	0.978871
11.291000	0.979166
11.301000	0.979461
11.311000	0.979756
11.321000	0.980051
11.331000	0.980347
11.341000	0.980643
11.351000	0.980939
11.361000	0.981236
11.371000	0.981532
11.381000	0.981829
11.391000	0.982126
11.401000	0.982423
11.411000	0.982720
11.421000	0.983017
11.431000	0.983314
11.441000	0.983611
11.451000	0.983908
11.461000	0.984205
11.471000	0.984502
11.481000	0.984799
11.491000	0.985096
11.501000	0.985392
11.511000	0.985688
11.521000	0.985984
11.531000	0.986280
11.541000	0.986575
11.551000	0.986870
11.561000	0.987165
11.571000	0.987459
11.581000	0.987753
11.591000	0.988047
11.601000	0.988340
11.611000	0.988633
11.621000	0.988925
11.631000	0.989217
11.641000	0.989508
11.651000	0.989798
11.661000	0.990088
11.671000	0.990378
11.681000	0.990666
11.691000	0.990954
11.701000	0.991241
11.711000	0.991528
11.721000	0.991814
11.731000	0.992099
11.741000	0.992383
11.751000	0.992667
11.761000	0.992949
11.771000	0.993231
11.781000	0.993512
11.791000	0.993792
11.801000	0.994071
11.811000	0.994349
11.821000	0.994626
11.831000	0.994902
11.841000	0.995177
11.851000	0.995451
11.861000	0.995724
11.871000	0.995996
11.881000	0.996266
11.891000	0.996536
11.901000	0.996804
11.911000	0.997071
11.921000	0.997337
11.931000	0.997602
11.941000	0.997866
11.951000	0.998128
11.961000	0.998389
11.971000	0.998649
11.981000	0.998907
11.991000	0.999164
12.001000	0.999420
12.011000	0.999674
12.021000	0.999927
12.031000	1.000178
12.041000	1.000428
12.051000	1.000677
12.061000	1.000924
12.071000	1.001170
12.081000	1.001414
12.091000	1.001656
12.101000	1.001897
12.111000	1.002137
12.121000	1.002375
12.131000	1.002611
12.141000	1.002845
12.151000	1.003078
12.161000	1.003310
12.171000	1.003539
12.181000	1.003767
12.191000	1.003994
12.201000	1.004218
12.211000	1.004441
12.221000	1.004662
12.231000	1.004882
12.241000	1.005099
12.251000	1.005315
12.261000	1.005529
12.271000	1.005741
12.281000	1.005951
12.291000	1.006160
12.301000	1.006367
12.311000	1.006571
12.321000	1.006774
12.331000	1.006975
12.341000	1.007174
12.351000	1.007372
12.361000	1.007567
12.371000	1.007760
12.381000	1.007951
12.391000	1.008141
12.401000	1.008328
12.411000	1.008514
12.421000	1.008697
12.431000	1.008879
12.441000	1.009058
12.451000	1.009235
12.461000	1.009411
12.471000	1.009584
12.481000	1.009755
12.491000	1.009924
12.501000	1.010092
12.511000	1.010257
12.521000	1.010420
12.531000	1.010580
12.541000	1.010739
12.551000	1.010896
12.561000	1.011050
12.571000	1.011203
12.581000	1.011353
12.591000	1.011501
12.601000	1.011647
12.611000	1.011791
12.621000	1.011933
12.631000	1.012072
12.641000	1.012210
12.651000	1.012345
12.661000	1.012478
12.671000	1.012609
12.681000	1.012738
12.691000	1.012864
12.701000	1.012989
12.711000	1.013111
12.721000	1.013231
12.731000	1.013348
12.741000	1.013464
12.751000	1.013577
12.761000	1.013689
12.771000	1.013798
12.781000	1.013904
12.791000	1.014009
12.801000	1.014111
12.811000	1.014211
12.821000	1.014309
12.831000	1.014405
12.841000	1.014498
12.851000	1.014590
12.861000	1.014679
12.871000	1.014766
12.881000	1.014850
12.891000	1.014933
12.901000	1.015013
12.911000	1.015091
12.921000	1.015167
12.931000	1.015241
12.941000	1.015312
12.951000	1.015381
12.961000	1.015449
12.971000	1.015513
12.981000	1.015576
12.991000	1.015637
13.001000	1.015695
13.011000	1.015751
13.021000	1.015805
13.031000	1.015857
13.041000	1.015907
13.051000	1.015954
13.061000	1.015999
13.071000	1.016043
13.081000	1.016084
13.091000	1.016123
13.101000	1.016159
13.111000	1.016194
13.121000	1.016227
13.131000	1.016257
13.141000	1.016285
13.151000	1.016312
13.161000	1.016336
13.171000	1.016358
13.181000	1.016378
13.191000	1.016396
13.201000	1.016411
13.211000	1.016425
13.221000	1.016437
13.231000	1.016447
13.241000	1.016454
13.251000	1.016460
13.261000	1.016464
13.271000	1.016465
13.281000	1.016465
13.291000	1.016462
13.301000	1.016458
13.311000	1.016452
13.321000	1.016443
13.331000	1.016433
13.341000	1.016421
13.351000	1.016407
13.361000	1.016391
13.371000	1.016373
13.381000	1.016353
13.391000	1.016332
13.401000	1.016308
13.411000	1.016283
13.421000	1.016255
13.431000	1.016226
13.441000	1.016195
13.451000	1.016163
13.461000	1.016128
13.471000	1.016092
13.481000	1.016054
13.491000	1.016014
13.501000	1.015972
13.511000	1.015929
13.521000	1.015884
13.531000	1.015837
13.541000	1.015788
13.551000	1.015738
13.561000	1.015686
13.571000	1.015633
13.581000	1.015577
13.591000	1.015521
13.601000	1.015462
13.611000	1.015402
13.621000	1.015340
13.631000	1.015277
13.641000	1.015212
13.651000	1.015146
13.661000	1.015078
13.671000	1.015009
13.681000	1.014938
13.691000	1.014865
13.701000	1.014791
13.711000	1.014716
13.721000	1.014639
13.731000	1.014561
13.741000	1.014481
13.751000	1.014400
13.761000	1.014318
13.771000	1.014234
13.781000	1.014149
13.791000	1.014063
13.801000	1.013975
13.811000	1.013886
13.821000	1.013795
13.831000	1.013703
13.841000	1.013610
13.851000	1.013516
13.861000	1.013421
13.871000	1.013324
13.881000	1.013226
13.891000	1.013127
13.901000	1.013027
13.911000	1.012926
13.921000	1.012823
13.931000	1.012720
13.941000	1.012615
13.951000	1.012509
13.961000	1.012402
13.971000	1.012294
13.981000	1.012185
13.991000	1.012075
14.001000	1.011964
14.011000	1.011853
14.021000	1.011740
14.031000	1.011626
14.041000	1.011511
14.051000	1.011395
14.061000	1.011279
14.071000	1.011161
14.081000	1.011043
14.091000	1.010924
14.101000	1.010803
14.111000	1.010683
14.121000	1.010561
14.131000	1.010438
14.141000	1.010315
14.151000	1.010191
14.161000	1.010067
14.171000	1.009941
14.181000	1.009815
14.191000	1.009688
14.201000	1.009561
14.211000	1.009433
14.221000	1.009304
14.231000	1.009174
14.241000	1.009044
14.251000	1.008914
14.261000	1.008783
14.271000	1.008651
14.281000	1.008519
14.291000	1.008386
14.301000	1.008253
14.311000	1.008119
14.321000	1.007985
14.331000	1.007850
14.341000	1.007715
14.351000	1.007580
14.361000	1.007444
14.371000	1.007307
14.381000	1.007171
14.391000	1.007034
14.401000	1.006896
14.411000	1.006759
14.421000	1.006621
14.431000	1.006482
14.441000	1.006344
14.451000	1.006205
14.461000	1.006066
14.471000	1.005927
14.481000	1.005787
14.491000	1.005648
14.501000	1.005508
14.511000	1.005368
14.521000	1.005228
14.531000	1.005087
14.541000	1.004947
14.551000	1.004806
14.561000	1.004666
14.571000	1.004525
14.581000	1.004384
14.591000	1.004244
14.601000	1.004103
14.611000	1.003962
14.621000	1.003821
14.631000	1.003680
14.641000	1.003540
14.651000	1.003399
14.661000	1.003258
14.671000	1.003118
14.681000	1.002977
14.691000	1.002837
14.701000	1.002697
14.711000	1.002557
14.721000	1.002417
14.731000	1.002277
14.741000	1.002137
14.751000	1.001998
14.761000	1.001859
14.771000	1.001720
14.781000	1.001581
14.791000	1.001442
14.801000	1.001304
14.811000	1.001166
14.821000	1.001028
14.831000	1.000891
14.841000	1.000754
14.851000	1.000617
14.861000	1.000481
14.871000	1.000345
14.881000	1.000209
14.891000	1.000074
14.901000	0.999939
14.911000	0.999804
14.921000	0.999670
14.931000	0.999536
14.941000	0.999403
14.951000	0.999270
14.961000	0.999138
14.971000	0.999006
14.981000	0.998875
14.991000	0.998744
15.001000	0.998614
15.011000	0.998484
15.021000	0.998354
15.031000	0.998226
15.041000	0.998097
15.051000	0.997970
15.061000	0.997843
15.071000	0.997716
15.081000	0.997590
15.091000	0.997465
15.101000	0.997340
15.111000	0.997216
15.121000	0.997093
15.131000	0.996970
15.141000	0.996848
15.151000	0.996727
15.161000	0.996606
15.171000	0.996486
15.181000	0.996367
15.191000	0.996248
15.201000	0.996130
15.211000	0.996013
15.221000	0.995896
15.231000	0.995781
15.241000	0.995666
15.251000	0.995552
15.261000	0.995438
15.271000	0.995326
15.281000	0.995214
15.291000	0.995103
15.301000	0.994992
15.311000	0.994883
15.321000	0.994774
15.331000	0.994667
15.341000	0.994560
15.351000	0.994453
15.361000	0.994348
15.371000	0.994244
15.381000	0.994140
15.391000	0.994038
15.401000	0.993936
15.411000	0.993835
15.421000	0.993735
15.431000	0.993636
15.441000	0.993538
15.451000	0.993441
15.461000	0.993344
15.471000	0.993249
15.481000	0.993154
15.491000	0.993061
15.501000	0.992968
15.511000	0.992877
15.521000	0.992786
15.531000	0.992696
15.541000	0.992607
15.551000	0.992520
15.561000	0.992433
15.571000	0.992347
15.581000	0.992262
15.591000	0.992178
15.601000	0.992096
15.611000	0.992014
15.621000	0.991933
15.631000	0.991853
15.641000	0.991774
15.651000	0.991697
15.661000	0.991620
15.671000	0.991544
15.681000	0.991470
15.691000	0.991396
15.701000	0.991323
15.711000	0.991252
15.721000	0.991181
15.731000	0.991112
15.741000	0.991044
15.751000	0.990976
15.761000	0.990910
15.771000	0.990845
15.781000	0.990781
15.791000	0.990718
15.801000	0.990656
15.811000	0.990595
15.821000	0.990535
15.831000	0.990476
15.841000	0.990418
15.851000	0.990362
15.861000	0.990306
15.871000	0.990252
15.881000	0.990199
15.891000	0.990146
15.901000	0.990095
15.911000	0.990045
15.921000	0.989996
15.931000	0.989948
15.941000	0.989902
15.951000	0.989856
15.961000	0.989811
15.971000	0.989768
15.981000	0.989725
15.991000	0.989684
16.001000	0.989644
16.011000	0.989605
16.021000	0.989567
16.031000	0.989530
16.041000	0.989494
16.051000	0.989460
16.061000	0.989426
16.071000	0.989393
16.081000	0.989362
16.091000	0.989332
16.101000	0.989303
16.111000	0.989274
16.121000	0.989247
16.131000	0.989222
16.141000	0.989197
16.151000	0.989173
16.161000	0.989150
16.171000	0.989129
16.181000	0.989108
16.191000	0.989089
16.201000	0.989071
16.211000	0.989054
16.221000	0.989038
16.231000	0.989022
16.241000	0.989009
16.251000	0.988996
16.261000	0.988984
16.271000	0.988973
16.281000	0.988963
16.291000	0.988955
16.301000	0.988947
16.311000	0.988941
16.321000	0.988935
16.331000	0.988931
16.341000	0.988928
16.351000	0.988926
16.361000	0.988924
16.371000	0.988924
16.381000	0.988925
16.391000	0.988927
16.401000	0.988930
16.411000	0.988934
16.421000	0.988939
16.431000	0.988945
16.441000	0.988952
16.451000	0.988960
16.461000	0.988969
16.471000	0.988979
16.481000	0.988990
16.491000	0.989002
16.501000	0.989016
16.511000	0.989030
16.521000	0.989045
16.531000	0.989061
16.541000	0.989078
16.551000	0.989096
16.561000	0.989115
16.571000	0.989135
16.581000	0.989155
16.591000	0.989177
16.601000	0.989200
16.611000	0.989224
16.621000	0.989248
16.631000	0.989274
16.641000	0.989300
16.651000	0.989328
16.661000	0.989356
16.671000	0.989385
16.681000	0.989416
16.691000	0.989447
16.701000	0.989479
16.711000	0.989511
16.721000	0.989545
16.731000	0.989580
16.741000	0.989615
16.751000	0.989651
16.761000	0.989689
16.771000	0.989727
16.781000	0.989766
16.791000	0.989805
16.801000	0.989846
16.811000	0.989887
16.821000	0.989929
16.831000	0.989972
16.841000	0.990016
16.851000	0.990061
16.861000	0.990106
16.871000	0.990152
16.881000	0.990199
16.891000	0.990247
16.901000	0.990295
16.911000	0.990345
16.921000	0.990395
16.931000	0.990445
16.941000	0.990497
16.951000	0.990549
16.961000	0.990602
16.971000	0.990656
16.981000	0.990710
16.991000	0.990765
17.001000	0.990821
17.011000	0.990877
17.021000	0.990934
17.031000	0.990992
17.041000	0.991051
17.051000	0.991110
17.061000	0.991169
17.071000	0.991230
17.081000	0.991291
17.091000	0.991352
17.101000	0.991415
17.111000	0.991478
17.121000	0.991541
17.131000	0.991605
17.141000	0.991670
17.151000	0.991735
17.161000	0.991801
17.171000	0.991867
17.181000	0.991934
17.191000	0.992001
17.201000	0.992069
17.211000	0.992138
17.221000	0.992207
17.231000	0.992276
17.241000	0.992346
17.251000	0.992417
17.261000	0.992488
17.271000	0.992559
17.281000	0.992631
17.291000	0.992704
17.301000	0.992776
17.311000	0.992850
17.321000	0.992923
17.331000	0.992998
17.341000	0.993072
17.351000	0.993147
17.361000	0.993223
17.371000	0.993298
17.381000	0.993375
17.391000	0.993451
17.401000	0.993528
17.411000	0.993605
17.421000	0.993683
17.431000	0.993761
17.441000	0.993839
17.451000	0.993918
17.461000	0.993997
17.471000	0.994076
17.481000	0.994155
17.491000	0.994235
17.501000	0.994315
17.511000	0.994396
17.521000	0.994476
17.531000	0.994557
17.541000	0.994638
17.551000	0.994720
17.561000	0.994801
17.571000	0.994883
17.581000	0.994965
17.591000	0.995047
17.601000	0.995130
17.611000	0.995212
17.621000	0.995295
17.631000	0.995378
17.641000	0.995461
17.651000	0.995544
17.661000	0.995628
17.671000	0.995711
17.681000	0.995795
17.691000	0.995879
17.701000	0.995963
17.711000	0.996047
17.721000	0.996131
17.731000	0.996215
17.741000	0.996299
17.751000	0.996383
17.761000	0.996468
17.771000	0.996552
17.781000	0.996636
17.791000	0.996721
17.801000	0.996805
17.811000	0.996890
17.821000	0.996974
17.831000	0.997059
17.841000	0.997143
17.851000	0.997227
17.861000	0.997312
17.871000	0.997396
17.881000	0.997481
17.891000	0.997565
17.901000	0.997649
17.911000	0.997733
17.921000	0.997817
17.931000	0.997901
17.941000	0.997985
17.951000	0.998069
17.961000	0.998152
17.971000	0.998236
17.981000	0.998319
17.991000	0.998403
18.001000	0.998486
18.011000	0.998569
18.021000	0.998651
18.031000	0.998734
18.041000	0.998817
18.051000	0.998899
18.061000	0.998981
18.071000	0.999063
18.081000	0.999144
18.091000	0.999226
18.101000	0.999307
18.111000	0.999388
18.121000	0.999469
18.131000	0.999549
18.141000	0.999630
18.151000	0.999710
18.161000	0.999790
18.171000	0.999869
18.181000	0.999948
18.191000	1.000027
18.201000	1.000106
18.211000	1.000184
18.221000	1.000262
18.231000	1.000340
18.241000	1.000417
18.251000	1.000494
18.261000	1.000571
18.271000	1.000647
18.281000	1.000723
18.291000	1.000799
18.301000	1.000874
18.311000	1.000949
18.321000	1.001024
18.331000	1.001098
18.341000	1.001171
18.351000	1.001245
18.361000	1.001318
18.371000	1.001390
18.381000	1.001462
18.391000	1.001534
18.401000	1.001605
18.411000	1.001676
18.421000	1.001747
18.431000	1.001817
18.441000	1.001886
18.451000	1.001955
18.461000	1.002024
18.471000	1.002092
18.481000	1.002160
18.491000	1.002227
18.501000	1.002294
18.511000	1.002360
18.521000	1.002425
18.531000	1.002491
18.541000	1.002555
18.551000	1.002619
18.561000	1.002683
18.571000	1.002746
18.581000	1.002809
18.591000	1.002871
18.601000	1.002933
18.611000	1.002994
18.621000	1.003054
18.631000	1.003114
18.641000	1.003173
18.651000	1.003232
18.661000	1.003290
18.671000	1.003348
18.681000	1.003405
18.691000	1.003462
18.701000	1.003518
18.711000	1.003573
18.721000	1.003628
18.731000	1.003682
18.741000	1.003736
18.751000	1.003789
18.761000	1.003841
18.771000	1.003893
18.781000	1.003944
18.791000	1.003994
18.801000	1.004044
18.811000	1.004094
18.821000	1.004142
18.831000	1.004190
18.841000	1.004238
18.851000	1.004285
18.861000	1.004331
18.871000	1.004376
18.881000	1.004421
18.891000	1.004465
18.901000	1.004509
18.911000	1.004552
18.921000	1.004594
18.931000	1.004636
18.941000	1.004677
18.951000	1.004717
18.961000	1.004757
18.971000	1.004796
18.981000	1.004834
18.991000	1.004871
19.001000	1.004908
19.011000	1.004945
19.021000	1.004980
19.031000	1.005015
19.041000	1.005050
19.051000	1.005083
19.061000	1.005116
19.071000	1.005148
19.081000	1.005180
19.091000	1.005211
19.101000	1.005241
19.111000	1.005270
19.121000	1.005299
19.131000	1.005327
19.141000	1.005355
19.151000	1.005381
19.161000	1.005407
19.171000	1.005433
19.181000	1.005457
19.191000	1.005481
19.201000	1.005504
19.211000	1.005527
19.221000	1.005549
19.231000	1.005570
19.241000	1.005590
19.251000	1.005610
19.261000	1.005629
19.271000	1.005648
19.281000	1.005665
19.291000	1.005682
19.301000	1.005699
19.311000	1.005714
19.321000	1.005729
19.331000	1.005743
19.341000	1.005757
19.351000	1.005770
19.361000	1.005782
19.371000	1.005793
19.381000	1.005804
19.391000	1.005814
19.401000	1.005824
19.411000	1.005832
19.421000	1.005840
19.431000	1.005848
19.441000	1.005854
19.451000	1.005860
19.461000	1.005865
19.471000	1.005870
19.481000	1.005874
19.491000	1.005877
19.501000	1.005880
19.511000	1.005882
19.521000	1.005883
19.531000	1.005883
19.541000	1.005883
19.551000	1.005882
19.561000	1.005881
19.571000	1.005879
19.581000	1.005876
19.591000	1.005873
19.601000	1.005869
19.611000	1.005864
19.621000	1.005859
19.631000	1.005853
19.641000	1.005846
19.651000	1.005839
19.661000	1.005831
19.671000	1.005822
19.681000	1.005813
19.691000	1.005803
19.701000	1.005792
19.711000	1.005781
19.721000	1.005770
19.731000	1.005757
19.741000	1.005744
19.751000	1.005731
19.761000	1.005716
19.771000	1.005702
19.781000	1.005686
19.791000	1.005670
19.801000	1.005654
19.811000	1.005636
19.821000	1.005619
19.831000	1.005600
19.841000	1.005581
19.851000	1.005562
19.861000	1.005542
19.871000	1.005521
19.881000	1.005500
19.891000	1.005478
19.901000	1.005456
19.911000	1.005433
19.921000	1.005409
19.931000	1.005385
19.941000	1.005361
19.951000	1.005336
19.961000	1.005310
19.971000	1.005284
19.981000	1.005257
19.991000	1.005230
20.001000	1.005202
20.011000	1.005174
20.021000	1.005145
20.031000	1.005116
20.041000	1.005086
20.051000	1.005056
20.061000	1.005025
20.071000	1.004994
20.081000	1.004962
20.091000	1.004930
20.101000	1.004897
20.111000	1.004864
20.121000	1.004830
20.131000	1.004796
20.141000	1.004762
20.151000	1.004727
20.161000	1.004692
20.171000	1.004656
20.181000	1.004620
20.191000	1.004583
20.201000	1.004546
20.211000	1.004508
20.221000	1.004470
20.231000	1.004432
20.241000	1.004393
20.251000	1.004354
20.261000	1.004314
20.271000	1.004275
20.281000	1.004234
20.291000	1.004194
20.301000	1.004153
20.311000	1.004111
20.321000	1.004069
20.331000	1.004027
20.341000	1.003985
20.351000	1.003942
20.361000	1.003899
20.371000	1.003855
20.381000	1.003811
20.391000	1.003767
20.401000	1.003723
20.411000	1.003678
20.421000	1.003633
20.431000	1.003588
20.441000	1.003542
20.451000	1.003496
20.461000	1.003450
20.471000	1.003403
20.481000	1.003357
20.491000	1.003310
20.501000	1.003262
20.511000	1.003215
20.521000	1.003167
20.531000	1.003119
20.541000	1.003071
20.551000	1.003022
20.561000	1.002973
20.571000	1.002924
20.581000	1.002875
20.591000	1.002826
20.601000	1.002776
20.611000	1.002727
20.621000	1.002677
20.631000	1.002627
20.641000	1.002576
20.651000	1.002526
20.661000	1.002475
20.671000	1.002424
20.681000	1.002373
20.691000	1.002322
20.701000	1.002271
20.711000	1.002219
20.721000	1.002168
20.731000	1.002116
20.741000	1.002064
20.751000	1.002013
20.761000	1.001960
20.771000	1.001908
20.781000	1.001856
20.791000	1.001804
20.801000	1.001751
20.811000	1.001699
20.821000	1.001646
20.831000	1.001594
20.841000	1.001541
20.851000	1.001488
20.861000	1.001436
20.871000	1.001383
20.881000	1.001330
20.891000	1.001277
20.901000	1.001224
20.911000	1.001171
20.921000	1.001118
20.931000	1.001065
20.941000	1.001012
20.951000	1.000959
20.961000	1.000906
20.971000	1.000853
20.981000	1.000800
20.991000	1.000747
21.001000	1.000694
21.011000	1.000641
21.021000	1.000588
21.031000	1.000535
21.041000	1.000482
21.051000	1.000430
21.061000	1.000377
21.071000	1.000324
21.081000	1.000272
21.091000	1.000219
21.101000	1.000167
21.111000	1.000115
21.121000	1.000062
21.131000	1.000010
21.141000	0.999958
21.151000	0.999906
21.161000	0.999854
21.171000	0.999803
21.181000	0.999751
21.191000	0.999700
21.201000	0.999648
21.211000	0.999597
21.221000	0.999546
21.231000	0.999495
21.241000	0.999444
21.251000	0.999394
21.261000	0.999343
21.271000	0.999293
21.281000	0.999243
21.291000	0.999193
21.301000	0.999143
21.311000	0.999093
21.321000	0.999044
21.331000	0.998995
21.341000	0.998946
21.351000	0.998897
21.361000	0.998848
21.371000	0.998800
21.381000	0.998752
21.391000	0.998704
21.401000	0.998656
21.411000	0.998608
21.421000	0.998561
21.431000	0.998514
21.441000	0.998467
21.451000	0.998421
21.461000	0.998374
21.471000	0.998328
21.481000	0.998282
21.491000	0.998237
21.501000	0.998192
21.511000	0.998146
21.521000	0.998102
21.531000	0.998057
21.541000	0.998013
21.551000	0.997969
21.561000	0.997926
21.571000	0.997882
21.581000	0.997839
21.591000	0.997796
21.601000	0.997754
21.611000	0.997712
21.621000	0.997670
21.631000	0.997629
21.641000	0.997587
21.651000	0.997547
21.661000	0.997506
21.671000	0.997466
21.681000	0.997426
21.691000	0.997386
21.701000	0.997347
21.711000	0.997308
21.721000	0.997270
21.731000	0.997232
21.741000	0.997194
21.751000	0.997156
21.761000	0.997119
21.771000	0.997082
21.781000	0.997046
21.791000	0.997010
21.801000	0.996974
21.811000	0.996939
21.821000	0.996904
21.831000	0.996869
21.841000	0.996835
21.851000	0.996801
21.861000	0.996768
21.871000	0.996735
21.881000	0.996702
21.891000	0.996670
21.901000	0.996638
21.911000	0.996607
21.921000	0.996576
21.931000	0.996545
21.941000	0.996515
21.951000	0.996485
21.961000	0.996455
21.971000	0.996426
21.981000	0.996398
21.991000	0.996370
22.001000	0.996342
22.011000	0.996314
22.021000	0.996287
22.031000	0.996261
22.041000	0.996235
22.051000	0.996209
22.061000	0.996184
22.071000	0.996159
22.081000	0.996134
22.091000	0.996110
22.101000	0.996087
22.111000	0.996063
22.121000	0.996041
22.131000	0.996018
22.141000	0.995996
22.151000	0.995975
22.161000	0.995954
22.171000	0.995933
22.181000	0.995913
22.191000	0.995894
22.201000	0.995874
22.211000	0.995856
22.221000	0.995837
22.231000	0.995819
22.241000	0.995802
22.251000	0.995785
22.261000	0.995768
22.271000	0.995752
22.281000	0.995737
22.291000	0.995721
22.301000	0.995707
22.311000	0.995692
22.321000	0.995678
22.331000	0.995665
22.341000	0.995652
22.351000	0.995639
22.361000	0.995627
22.371000	0.995616
22.381000	0.995604
22.391000	0.995594
22.401000	0.995583
22.411000	0.995574
22.421000	0.995564
22.431000	0.995555
22.441000	0.995547
22.451000	0.995539
22.461000	0.995531
22.471000	0.995524
22.481000	0.995517
22.491000	0.995511
22.501000	0.995505
22.511000	0.995500
22.521000	0.995495
22.531000	0.995491
22.541000	0.995487
22.551000	0.995483
22.561000	0.995480
22.571000	0.995477
22.581000	0.995475
22.591000	0.995473
22.601000	0.995472
22.611000	0.995471
22.621000	0.995471
22.631000	0.995471
22.641000	0.995471
22.651000	0.995472
22.661000	0.995473
22.671000	0.995475
22.681000	0.995477
22.691000	0.995480
22.701000	0.995483
22.711000	0.995486
22.721000	0.995490
22.731000	0.995495
22.741000	0.995499
22.751000	0.995504
22.761000	0.995510
22.771000	0.995516
22.781000	0.995523
22.791000	0.995529
22.801000	0.995537
22.811000	0.995544
22.821000	0.995553
22.831000	0.995561
22.841000	0.995570
22.851000	0.995579
22.861000	0.995589
22.871000	0.995599
22.881000	0.995610
22.891000	0.995621
22.901000	0.995632
22.911000	0.995644
22.921000	0.995656
22.931000	0.995669
22.941000	0.995682
22.951000	0.995695
22.961000	0.995709
22.971000	0.995723
22.981000	0.995737
22.991000	0.995752
23.001000	0.995767
23.011000	0.995783
23.021000	0.995799
23.031000	0.995815
23.041000	0.995832
23.051000	0.995849
23.061000	0.995867
23.071000	0.995884
23.081000	0.995903
23.091000	0.995921
23.101000	0.995940
23.111000	0.995959
23.121000	0.995979
23.131000	0.995999
23.141000	0.996019
23.151000	0.996040
23.161000	0.996061
23.171000	0.996082
23.181000	0.996104
23.191000	0.996126
23.201000	0.996148
23.211000	0.996170
23.221000	0.996193
23.231000	0.996217
23.241000	0.996240
23.251000	0.996264
23.261000	0.996288
23.271000	0.996313
23.281000	0.996337
23.291000	0.996362
23.301000	0.996388
23.311000	0.996413
23.321000	0.996439
23.331000	0.996466
23.341000	0.996492
23.351000	0.996519
23.361000	0.996546
23.371000	0.996573
23.381000	0.996601
23.391000	0.996629
23.401000	0.996657
23.411000	0.996685
23.421000	0.996714
23.431000	0.996743
23.441000	0.996772
23.451000	0.996801
23.461000	0.996831
23.471000	0.996861
23.481000	0.996891
23.491000	0.996921
23.501000	0.996952
23.511000	0.996983
23.521000	0.997014
23.531000	0.997045
23.541000	0.997076
23.551000	0.997108
23.561000	0.997140
23.571000	0.997172
23.581000	0.997204
23.591000	0.997236
23.601000	0.997269
23.611000	0.997302
23.621000	0.997335
23.631000	0.997368
23.641000	0.997402
23.651000	0.997435
23.661000	0.997469
23.671000	0.997503
23.681000	0.997537
23.691000	0.997571
23.701000	0.997605
23.711000	0.997640
23.721000	0.997674
23.731000	0.997709
23.741000	0.997744
23.751000	0.997779
23.761000	0.997814
23.771000	0.997850
23.781000	0.997885
23.791000	0.997921
23.801000	0.997956
23.811000	0.997992
23.821000	0.998028
23.831000	0.998064
23.841000	0.998100
23.851000	0.998136
23.861000	0.998173
23.871000	0.998209
23.881000	0.998245
23.891000	0.998282
23.901000	0.998319
23.911000	0.998355
23.921000	0.998392
23.931000	0.998429
23.941000	0.998466
23.951000	0.998503
23.961000	0.998540
23.971000	0.998577
23.981000	0.998614
23.991000	0.998651
24.001000	0.998688
24.011000	0.998725
24.021000	0.998763
24.031000	0.998800
24.041000	0.998837
24.051000	0.998875
24.061000	0.998912
24.071000	0.998949
24.081000	0.998987
24.091000	0.999024
24.101000	0.999061
24.111000	0.999099
24.121000	0.999136
24.131000	0.999173
24.141000	0.999211
24.151000	0.999248
24.161000	0.999285
24.171000	0.999323
24.181000	0.999360
24.191000	0.999397
24.201000	0.999434
24.211000	0.999471
24.221000	0.999508
24.231000	0.999545
24.241000	0.999582
24.251000	0.999619
24.261000	0.999656
24.271000	0.999693
24.281000	0.999730
24.291000	0.999766
24.301000	0.999803
24.311000	0.999840
24.321000	0.999876
24.331000	0.999912
24.341000	0.999949
24.351000	0.999985
24.361000	1.000021
24.371000	1.000057
24.381000	1.000093
24.391000	1.000129
24.401000	1.000164
24.411000	1.000200
24.421000	1.000235
24.431000	1.000271
24.441000	1.000306
24.451000	1.000341
24.461000	1.000376
24.471000	1.000411
24.481000	1.000445
24.491000	1.000480
24.501000	1.000514
24.511000	1.000548
24.521000	1.000583
24.531000	1.000617
24.541000	1.000650
24.551000	1.000684
24.561000	1.000717
24.571000	1.000751
24.581000	1.000784
24.591000	1.000817
24.601000	1.000850
24.611000	1.000882
24.621000	1.000915
24.631000	1.000947
24.641000	1.000979
24.651000	1.001011
24.661000	1.001043
24.671000	1.001074
24.681000	1.001106
24.691000	1.001137
24.701000	1.001168
24.711000	1.001199
24.721000	1.001229
24.731000	1.001259
24.741000	1.001290
24.751000	1.001319
24.761000	1.001349
24.771000	1.001379
24.781000	1.001408
24.791000	1.001437
24.801000	1.001466
24.811000	1.001494
24.821000	1.001522
24.831000	1.001551
24.841000	1.001578
24.851000	1.001606
24.861000	1.001633
24.871000	1.001660
24.881000	1.001687
24.891000	1.001714
24.901000	1.001740
24.911000	1.001766
24.921000	1.001792
24.931000	1.001818
24.941000	1.001843
24.951000	1.001868
24.961000	1.001893
24.971000	1.001918
24.981000	1.001942
24.991000	1.001966
25.001000	1.001990
25.011000	1.002013
25.021000	1.002036
25.031000	1.002059
25.041000	1.002082
25.051000	1.002104
25.061000	1.002126
25.071000	1.002148
25.081000	1.002170
25.091000	1.002191
25.101000	1.002212
25.111000	1.002233
25.121000	1.002253
25.131000	1.002273
25.141000	1.002293
25.151000	1.002312
25.161000	1.002331
25.171000	1.002350
25.181000	1.002369
25.191000	1.002387
25.201000	1.002405
25.211000	1.002423
25.221000	1.002440
25.231000	1.002457
25.241000	1.002474
25.251000	1.002490
25.261000	1.002507
25.271000	1.002522
25.281000	1.002538
25.291000	1.002553
25.301000	1.002568
25.311000	1.002582
25.321000	1.002597
25.331000	1.002611
25.341000	1.002624
25.351000	1.002638
25.361000	1.002651
25.371000	1.002663
25.381000	1.002676
25.391000	1.002688
25.401000	1.002699
25.411000	1.002711
25.421000	1.002722
25.431000	1.002733
25.441000	1.002743
25.451000	1.002753
25.461000	1.002763
25.471000	1.002772
25.481000	1.002781
25.491000	1.002790
25.501000	1.002799
25.511000	1.002807
25.521000	1.002815
25.531000	1.002822
25.541000	1.002829
25.551000	1.002836
25.561000	1.002843
25.571000	1.002849
25.581000	1.002855
25.591000	1.002860
25.601000	1.002866
25.611000	1.002871
25.621000	1.002875
25.631000	1.002879
25.641000	1.002883
25.651000	1.002887
25.661000	1.002890
25.671000	1.002893
25.681000	1.002896
25.691000	1.002898
25.701000	1.002900
25.711000	1.002902
25.721000	1.002903
25.731000	1.002904
25.741000	1.002905
25.751000	1.002905
25.761000	1.002906
25.771000	1.002905
25.781000	1.002905
25.791000	1.002904
25.801000	1.002903
25.811000	1.002901
25.821000	1.002899
25.831000	1.002897
25.841000	1.002895
25.851000	1.002892
25.861000	1.002889
25.871000	1.002886
25.881000	1.002882
25.891000	1.002878
25.901000	1.002874
25.911000	1.002869
25.921000	1.002864
25.931000	1.002859
25.941000	1.002853
25.951000	1.002848
25.961000	1.002842
25.971000	1.002835
25.981000	1.002828
25.991000	1.002821
26.001000	1.002814
26.011000	1.002807
26.021000	1.002799
26.031000	1.002790
26.041000	1.002782
26.051000	1.002773
26.061000	1.002764
26.071000	1.002755
26.081000	1.002745
26.091000	1.002735
26.101000	1.002725
26.111000	1.002715
26.121000	1.002704
26.131000	1.002693
26.141000	1.002682
26.151000	1.002670
26.161000	1.002659
26.171000	1.002646
26.181000	1.002634
26.191000	1.002622
26.201000	1.002609
26.211000	1.002596
26.221000	1.002582
26.231000	1.002569
26.241000	1.002555
26.251000	1.002540
26.261000	1.002526
26.271000	1.002511
26.281000	1.002497
26.291000	1.002481
26.301000	1.002466
26.311000	1.002450
26.321000	1.002435
26.331000	1.002419
26.341000	1.002402
26.351000	1.002386
26.361000	1.002369
26.371000	1.002352
26.381000	1.002335
26.391000	1.002317
26.401000	1.002299
26.411000	1.002282
26.421000	1.002263
26.431000	1.002245
26.441000	1.002227
26.451000	1.002208
26.461000	1.002189
26.471000	1.002170
26.481000	1.002150
26.491000	1.002131
26.501000	1.002111
26.511000	1.002091
26.521000	1.002071
26.531000	1.002051
26.541000	1.002030
26.551000	1.002009
26.561000	1.001989
26.571000	1.001968
26.581000	1.001946
26.591000	1.001925
26.601000	1.001903
26.611000	1.001882
26.621000	1.001860
26.631000	1.001838
26.641000	1.001815
26.651000	1.001793
26.661000	1.001770
26.671000	1.001748
26.681000	1.001725
26.691000	1.001702
26.701000	1.001679
26.711000	1.001655
26.721000	1.001632
26.731000	1.001608
26.741000	1.001585
26.751000	1.001561
26.761000	1.001537
26.771000	1.001513
26.781000	1.001488
26.791000	1.001464
26.801000	1.001440
26.811000	1.001415
26.821000	1.001390
26.831000	1.001366
26.841000	1.001341
26.851000	1.001316
26.861000	1.001291
26.871000	1.001265
26.881000	1.001240
26.891000	1.001215
26.901000	1.001189
26.911000	1.001164
26.921000	1.001138
26.931000	1.001112
26.941000	1.001086
26.951000	1.001060
26.961000	1.001035
26.971000	1.001008
26.981000	1.000982
26.991000	1.000956
27.001000	1.000930
27.011000	1.000904
27.021000	1.000877
27.031000	1.000851
27.041000	1.000825
27.051000	1.000798
27.061000	1.000771
27.071000	1.000745
27.081000	1.000718
27.091000	1.000692
27.101000	1.000665
27.111000	1.000638
27.121000	1.000611
27.131000	1.000585
27.141000	1.000558
27.151000	1.000531
27.161000	1.000504
27.171000	1.000477
27.181000	1.000451
27.191000	1.000424
27.201000	1.000397
27.211000	1.000370
27.221000	1.000343
27.231000	1.000316
27.241000	1.000289
27.251000	1.000262
27.261000	1.000236
27.271000	1.000209
27.281000	1.000182
27.291000	1.000155
27.301000	1.000128
27.311000	1.000102
27.321000	1.000075
27.331000	1.000048
27.341000	1.000022
27.351000	0.999995
27.361000	0.999968
27.371000	0.999942
27.381000	0.999915
27.391000	0.999889
27.401000	0.999862
27.411000	0.999836
27.421000	0.999810
27.431000	0.999784
27.441000	0.999757
27.451000	0.999731
27.461000	0.999705
27.471000	0.999679
27.481000	0.999653
27.491000	0.999627
27.501000	0.999602
27.511000	0.999576
27.521000	0.999550
27.531000	0.999525
27.541000	0.999499
27.551000	0.999474
27.561000	0.999449
27.571000	0.999424
27.581000	0.999398
27.591000	0.999373
27.601000	0.999349
27.611000	0.999324
27.621000	0.999299
27.631000	0.999275
27.641000	0.999250
27.651000	0.999226
27.661000	0.999201
27.671000	0.999177
27.681000	0.999153
27.691000	0.999129
27.701000	0.999106
27.711000	0.999082
27.721000	0.999058
27.731000	0.999035
27.741000	0.999012
27.751000	0.998989
27.761000	0.998966
27.771000	0.998943
27.781000	0.998920
27.791000	0.998898
27.801000	0.998875
27.811000	0.998853
27.821000	0.998831
27.831000	0.998809
27.841000	0.998787
27.851000	0.998765
27.861000	0.998744
27.871000	0.998722
27.881000	0.998701
27.891000	0.998680
27.901000	0.998659
27.911000	0.998638
27.921000	0.998618
27.931000	0.998597
27.941000	0.998577
27.951000	0.998557
27.961000	0.998537
27.971000	0.998518
27.981000	0.998498
27.991000	0.998479
28.001000	0.998460
28.011000	0.998441
28.021000	0.998422
28.031000	0.998403
28.041000	0.998385
28.051000	0.998367
28.061000	0.998348
28.071000	0.998331
28.081000	0.998313
28.091000	0.998295
28.101000	0.998278
28.111000	0.998261
28.121000	0.998244
28.131000	0.998228
28.141000	0.998211
28.151000	0.998195
28.161000	0.998179
28.171000	0.998163
28.181000	0.998147
28.191000	0.998132
28.201000	0.998116
28.211000	0.998101
28.221000	0.998087
28.231000	0.998072
28.241000	0.998058
28.251000	0.998043
28.261000	0.998029
28.271000	0.998016
28.281000	0.998002
28.291000	0.997989
28.301000	0.997976
28.311000	0.997963
28.321000	0.997950
28.331000	0.997938
28.341000	0.997926
28.351000	0.997914
28.361000	0.997902
28.371000	0.997890
28.381000	0.997879
28.391000	0.997868
28.401000	0.997857
28.411000	0.997846
28.421000	0.997836
28.431000	0.997826
28.441000	0.997816
28.451000	0.997806
28.461000	0.997797
28.471000	0.997787
28.481000	0.997778
28.491000	0.997770
28.501000	0.997761
28.511000	0.997753
28.521000	0.997745
28.531000	0.997737
28.541000	0.997729
28.551000	0.997722
28.561000	0.997715
28.571000	0.997708
28.581000	0.997701
28.591000	0.997695
28.601000	0.997689
28.611000	0.997683
28.621000	0.997677
28.631000	0.997672
28.641000	0.997666
28.651000	0.997661
28.661000	0.997657
28.671000	0.997652
28.681000	0.997648
28.691000	0.997644
28.701000	0.997640
28.711000	0.997636
28.721000	0.997633
28.731000	0.997630
28.741000	0.997627
28.751000	0.997624
28.761000	0.997622
28.771000	0.997620
28.781000	0.997618
28.791000	0.997616
28.801000	0.997615
28.811000	0.997614
28.821000	0.997613
28.831000	0.997612
28.841000	0.997612
28.851000	0.997611
28.861000	0.997611
28.871000	0.997612
28.881000	0.997612
28.891000	0.997613
28.901000	0.997614
28.911000	0.997615
28.921000	0.997616
28.931000	0.997618
28.941000	0.997620
28.951000	0.997622
28.961000	0.997624
28.971000	0.997627
28.981000	0.997629
28.991000	0.997632
29.001000	0.997636
29.011000	0.997639
29.021000	0.997643
29.031000	0.997647
29.041000	0.997651
29.051000	0.997655
29.061000	0.997660
29.071000	0.997664
29.081000	0.997669
29.091000	0.997675
29.101000	0.997680
29.111000	0.997686
29.121000	0.997692
29.131000	0.997698
29.141000	0.997704
29.151000	0.997711
29.161000	0.997717
29.171000	0.997724
29.181000	0.997732
29.191000	0.997739
29.201000	0.997747
29.211000	0.997754
29.221000	0.997762
29.231000	0.997771
29.241000	0.997779
29.251000	0.997788
29.261000	0.997797
29.271000	0.997806
29.281000	0.997815
29.291000	0.997824
29.301000	0.997834
29.311000	0.997844
29.321000	0.997854
29.331000	0.997864
29.341000	0.997874
29.351000	0.997885
29.361000	0.997896
29.371000	0.997907
29.381000	0.997918
29.391000	0.997929
29.401000	0.997941
29.411000	0.997952
29.421000	0.997964
29.431000	0.997976
29.441000	0.997989
29.451000	0.998001
29.461000	0.998014
29.471000	0.998027
29.481000	0.998039
29.491000	0.998053
29.501000	0.998066
29.511000	0.998079
29.521000	0.998093
29.531000	0.998107
29.541000	0.998121
29.551000	0.998135
29.561000	0.998149
29.571000	0.998163
29.581000	0.998178
29.591000	0.998193
29.601000	0.998208
29.611000	0.998223
29.621000	0.998238
29.631000	0.998253
29.641000	0.998269
29.651000	0.998284
29.661000	0.998300
29.671000	0.998316
29.681000	0.998332
29.691000	0.998348
29.701000	0.998364
29.711000	0.998381
29.721000	0.998397
29.731000	0.998414
29.741000	0.998431
29.751000	0.998448
29.761000	0.998465
29.771000	0.998482
29.781000	0.998499
29.791000	0.998517
29.801000	0.998534
29.811000	0.998552
29.821000	0.998569
29.831000	0.998587
29.841000	0.998605
29.851000	0.998623
29.861000	0.998642
29.871000	0.998660
29.881000	0.998678
29.891000	0.998697
29.901000	0.998715
29.911000	0.998734
29.921000	0.998753
29.931000	0.998771
29.941000	0.998790
29.951000	0.998809
29.961000	0.998828
29.971000	0.998848
29.981000	0.998867
29.991000	0.998886
30.001000	0.998905
30.011000	0.998925
30.021000	0.998944
30.031000	0.998964
30.041000	0.998984
30.051000	0.999003
30.061000	0.999023
30.071000	0.999043
30.081000	0.999063
30.091000	0.999083
30.101000	0.999103
30.111000	0.999123
30.121000	0.999143
30.131000	0.999163
30.141000	0.999183
30.151000	0.999204
30.161000	0.999224
30.171000	0.999244
30.181000	0.999265
30.191000	0.999285
30.201000	0.999305
30.211000	0.999326
30.221000	0.999346
30.231000	0.999367
30.241000	0.999387
30.251000	0.999408
30.261000	0.999429
30.271000	0.999449
30.281000	0.999470
30.291000	0.999490
30.301000	0.999511
30.311000	0.999532
30.321000	0.999552
30.331000	0.999573
30.341000	0.999593
30.351000	0.999614
30.361000	0.999635
30.371000	0.999655
30.381000	0.999676
30.391000	0.999697
30.401000	0.999717
30.411000	0.999738
30.421000	0.999758
30.431000	0.999779
30.441000	0.999800
30.451000	0.999820
30.461000	0.999841
30.471000	0.999861
30.481000	0.999882
30.491000	0.999902
30.501000	0.999922
30.511000	0.999943
30.521000	0.999963
30.531000	0.999983
30.541000	1.000004
30.551000	1.000024
30.561000	1.000044
30.571000	1.000064
30.581000	1.000084
30.591000	1.000104
30.601000	1.000124
30.611000	1.000144
30.621000	1.000164
30.631000	1.000184
30.641000	1.000203
30.651000	1.000223
30.661000	1.000243
30.671000	1.000262
30.681000	1.000282
30.691000	1.000301
30.701000	1.000321
30.711000	1.000340
30.721000	1.000359
30.731000	1.000378
30.741000	1.000397
30.751000	1.000416
30.761000	1.000435
30.771000	1.000454
30.781000	1.000473
30.791000	1.000491
30.801000	1.000510
30.811000	1.000528
30.821000	1.000547
30.831000	1.000565
30.841000	1.000583
30.851000	1.000601
30.861000	1.000619
30.871000	1.000637
30.881000	1.000655
30.891000	1.000673
30.901000	1.000690
30.911000	1.000708
30.921000	1.000725
30.931000	1.000742
30.941000	1.000760
30.951000	1.000777
30.961000	1.000793
30.971000	1.000810
30.981000	1.000827
30.991000	1.000843
31.001000	1.000860
31.011000	1.000876
31.021000	1.000892
31.031000	1.000909
31.041000	1.000924
31.051000	1.000940
31.061000	1.000956
31.071000	1.000972
31.081000	1.000987
31.091000	1.001002
31.101000	1.001017
31.111000	1.001032
31.121000	1.001047
31.131000	1.001062
31.141000	1.001077
31.151000	1.001091
31.161000	1.001105
31.171000	1.001120
31.181000	1.001134
31.191000	1.001147
31.201000	1.001161
31.211000	1.001175
31.221000	1.001188
31.231000	1.001202
31.241000	1.001215
31.251000	1.001228
31.261000	1.001240
31.271000	1.001253
31.281000	1.001266
31.291000	1.001278
31.301000	1.001290
31.311000	1.001302
31.321000	1.001314
31.331000	1.001326
31.341000	1.001337
31.351000	1.001349
31.361000	1.001360
31.371000	1.001371
31.381000	1.001382
31.391000	1.001393
31.401000	1.001403
31.411000	1.001414
31.421000	1.001424
31.431000	1.001434
31.441000	1.001444
31.451000	1.001453
31.461000	1.001463
31.471000	1.001472
31.481000	1.001482
31.491000	1.001491
31.501000	1.001499
31.511000	1.001508
31.521000	1.001517
31.531000	1.001525
31.541000	1.001533
31.551000	1.001541
31.561000	1.001549
31.571000	1.001556
31.581000	1.001564
31.591000	1.001571
31.601000	1.001578
31.611000	1.001585
31.621000	1.001592
31.631000	1.001598
31.641000	1.001605
31.651000	1.001611
31.661000	1.001617
31.671000	1.001622
31.681000	1.001628
31.691000	1.001633
31.701000	1.001639
31.711000	1.001644
31.721000	1.001649
31.731000	1.001653
31.741000	1.001658
31.751000	1.001662
31.761000	1.001666
31.771000	1.001670
31.781000	1.001674
31.791000	1.001678
31.801000	1.001681
31.811000	1.001684
31.821000	1.001687
31.831000	1.001690
31.841000	1.001693
31.851000	1.001695
31.861000	1.001697
31.871000	1.001700
31.881000	1.001701
31.891000	1.001703
31.901000	1.001705
31.911000	1.001706
31.921000	1.001707
31.931000	1.001708
31.941000	1.001709
31.951000	1.001710
31.961000	1.001710
31.971000	1.001710
31.981000	1.001710
31.991000	1.001710
32.001000	1.001710
32.011000	1.001709
32.021000	1.001709
32.031000	1.001708
32.041000	1.001707
32.051000	1.001706
32.061000	1.001704
32.071000	1.001703
32.081000	1.001701
32.091000	1.001699
32.101000	1.001697
32.111000	1.001695
32.121000	1.001692
32.131000	1.001690
32.141000	1.001687
32.151000	1.001684
32.161000	1.001681
32.171000	1.001677
32.181000	1.001674
32.191000	1.001670
32.201000	1.001666
32.211000	1.001662
32.221000	1.001658
32.231000	1.001654
32.241000	1.001649
32.251000	1.001644
32.261000	1.001639
32.271000	1.001634
32.281000	1.001629
32.291000	1.001624
32.301000	1.001618
32.311000	1.001612
32.321000	1.001607
32.331000	1.001601
32.341000	1.001594
32.351000	1.001588
32.361000	1.001581
32.371000	1.001575
32.381000	1.001568
32.391000	1.001561
32.401000	1.001554
32.411000	1.001546
32.421000	1.001539
32.431000	1.001531
32.441000	1.001524
32.451000	1.001516
32.461000	1.001508
32.471000	1.001499
32.481000	1.001491
32.491000	1.001482
32.501000	1.001474
32.511000	1.001465
32.521000	1.001456
32.531000	1.001447
32.541000	1.001438
32.551000	1.001428
32.561000	1.001419
32.571000	1.001409
32.581000	1.001399
32.591000	1.001389
32.601000	1.001379
32.611000	1.001369
32.621000	1.001359
32.631000	1.001348
32.641000	1.001338
32.651000	1.001327
32.661000	1.001316
32.671000	1.001305
32.681000	1.001294
32.691000	1.001283
32.701000	1.001272
32.711000	1.001260
32.721000	1.001249
32.731000	1.001237
32.741000	1.001225
32.751000	1.001213
32.761000	1.001201
32.771000	1.001189
32.781000	1.001177
32.791000	1.001164
32.801000	1.001152
32.811000	1.001139
32.821000	1.001127
32.831000	1.001114
32.841000	1.001101
32.851000	1.001088
32.861000	1.001075
32.871000	1.001062
32.881000	1.001048
32.891000	1.001035
32.901000	1.001022
32.911000	1.001008
32.921000	1.000994
32.931000	1.000981
32.941000	1.000967
32.951000	1.000953
32.961000	1.000939
32.971000	1.000925
32.981000	1.000911
32.991000	1.000897
33.001000	1.000882
33.011000	1.000868
33.021000	1.000853
33.031000	1.000839
33.041000	1.000824
33.051000	1.000810
33.061000	1.000795
33.071000	1.000780
33.081000	1.000765
33.091000	1.000750
33.101000	1.000735
33.111000	1.000720
33.121000	1.000705
33.131000	1.000690
33.141000	1.000675
33.151000	1.000660
33.161000	1.000644
33.171000	1.000629
33.181000	1.000614
33.191000	1.000598
33.201000	1.000583
33.211000	1.000567
33.221000	1.000552
33.231000	1.000536
33.241000	1.000520
33.251000	1.000505
33.261000	1.000489
33.271000	1.000473
33.281000	1.000457
33.291000	1.000442
33.301000	1.000426
33.311000	1.000410
33.321000	1.000394
33.331000	1.000378
33.341000	1.000362
33.351000	1.000346
33.361000	1.000330
33.371000	1.000314
33.381000	1.000298
33.391000	1.000282
33.401000	1.000266
33.411000	1.000250
33.421000	1.000234
33.431000	1.000218
33.441000	1.000202
33.451000	1.000186
33.461000	1.000170
33.471000	1.000154
33.481000	1.000138
33.491000	1.000122
33.501000	1.000106
33.511000	1.000090
33.521000	1.000074
33.531000	1.000058
33.541000	1.000042
33.551000	1.000026
33.561000	1.000010
33.571000	0.999994
33.581000	0.999978
33.591000	0.999962
33.601000	0.999946
33.611000	0.999930
33.621000	0.999914
33.631000	0.999898
33.641000	0.999882
33.651000	0.999867
33.661000	0.999851
33.671000	0.999835
33.681000	0.999820
33.691000	0.999804
33.701000	0.999788
33.711000	0.999773
33.721000	0.999757
33.731000	0.999742
33.741000	0.999726
33.751000	0.999711
33.761000	0.999696
33.771000	0.999680
33.781000	0.999665
33.791000	0.999650
33.801000	0.999635
33.811000	0.999620
33.821000	0.999605
33.831000	0.999590
33.841000	0.999575
33.851000	0.999560
33.861000	0.999545
33.871000	0.999530
33.881000	0.999516
33.891000	0.999501
33.901000	0.999487
33.911000	0.999472
33.921000	0.999458
33.931000	0.999444
33.941000	0.999429
33.951000	0.999415
33.961000	0.999401
33.971000	0.999387
33.981000	0.999373
33.991000	0.999359
34.001000	0.999345
34.011000	0.999332
34.021000	0.999318
34.031000	0.999305
34.041000	0.999291
34.051000	0.999278
34.061000	0.999264
34.071000	0.999251
34.081000	0.999238
34.091000	0.999225
34.101000	0.999212
34.111000	0.999199
34.121000	0.999187
34.131000	0.999174
34.141000	0.999162
34.151000	0.999149
34.161000	0.999137
34.171000	0.999125
34.181000	0.999112
34.191000	0.999100
34.201000	0.999088
34.211000	0.999077
34.221000	0.999065
34.231000	0.999053
34.241000	0.999042
34.251000	0.999030
34.261000	0.999019
34.271000	0.999008
34.281000	0.998997
34.291000	0.998986
34.301000	0.998975
34.311000	0.998965
34.321000	0.998954
34.331000	0.998943
34.341000	0.998933
34.351000	0.998923
34.361000	0.998913
34.371000	0.998903
34.381000	0.998893
34.391000	0.998883
34.401000	0.998874
34.411000	0.998864
34.421000	0.998855
34.431000	0.998845
34.441000	0.998836
34.451000	0.998827
34.461000	0.998818
34.471000	0.998810
34.481000	0.998801
34.491000	0.998793
34.501000	0.998784
34.511000	0.998776
34.521000	0.998768
34.531000	0.998760
34.541000	0.998752
34.551000	0.998744
34.561000	0.998737
34.571000	0.998729
34.581000	0.998722
34.591000	0.998715
34.601000	0.998708
34.611000	0.998701
34.621000	0.998694
34.631000	0.998688
34.641000	0.998681
34.651000	0.998675
34.661000	0.998669
34.671000	0.998663
34.681000	0.998657
34.691000	0.998651
34.701000	0.998645
34.711000	0.998640
34.721000	0.998635
34.731000	0.998629
34.741000	0.998624
34.751000	0.998619
34.761000	0.998615
34.771000	0.998610
34.781000	0.998605
34.791000	0.998601
34.801000	0.998597
34.811000	0.998593
34.821000	0.998589
34.831000	0.998585
34.841000	0.998582
34.851000	0.998578
34.861000	0.998575
34.871000	0.998572
34.881000	0.998569
34.891000	0.998566
34.901000	0.998563
34.911000	0.998560
34.921000	0.998558
34.931000	0.998556
34.941000	0.998553
34.951000	0.998551
34.961000	0.998549
34.971000	0.998548
34.981000	0.998546
34.991000	0.998545
35.001000	0.998543
35.011000	0.998542
35.021000	0.998541
35.031000	0.998540
35.041000	0.998540
35.051000	0.998539
35.061000	0.998539
35.071000	0.998539
35.081000	0.998538
35.091000	0.998538
35.101000	0.998539
35.111000	0.998539
35.121000	0.998539
35.131000	0.998540
35.141000	0.998541
35.151000	0.998542
35.161000	0.998543
35.171000	0.998544
35.181000	0.998545
35.191000	0.998547
35.201000	0.998548
35.211000	0.998550
35.221000	0.998552
35.231000	0.998554
35.241000	0.998556
35.251000	0.998558
35.261000	0.998561
35.271000	0.998563
35.281000	0.998566
35.291000	0.998569
35.301000	0.998572
35.311000	0.998575
35.321000	0.998578
35.331000	0.998582
35.341000	0.998585
35.351000	0.998589
35.361000	0.998593
35.371000	0.998597
35.381000	0.998601
35.391000	0.998605
35.401000	0.998609
35.411000	0.998614
35.421000	0.998618
35.431000	0.998623
35.441000	0.998628
35.451000	0.998633
35.461000	0.998638
35.471000	0.998643
35.481000	0.998649
35.491000	0.998654
35.501000	0.998660
35.511000	0.998666
35.521000	0.998672
35.531000	0.998678
35.541000	0.998684
35.551000	0.998690
35.561000	0.998696
35.571000	0.998703
35.581000	0.998709
35.591000	0.998716
35.601000	0.998723
35.611000	0.998730
35.621000	0.998737
35.631000	0.998744
35.641000	0.998751
35.651000	0.998759
35.661000	0.998766
35.671000	0.998774
35.681000	0.998782
35.691000	0.998790
35.701000	0.998798
35.711000	0.998806
35.721000	0.998814
35.731000	0.998822
35.741000	0.998831
35.751000	0.998839
35.761000	0.998848
35.771000	0.998856
35.781000	0.998865
35.791000	0.998874
35.801000	0.998883
35.811000	0.998892
35.821000	0.998901
35.831000	0.998911
35.841000	0.998920
35.851000	0.998930
35.861000	0.998939
35.871000	0.998949
35.881000	0.998959
35.891000	0.998968
35.901000	0.998978
35.911000	0.998988
35.921000	0.998998
35.931000	0.999009
35.941000	0.999019
35.951000	0.999029
35.961000	0.999040
35.971000	0.999050
35.981000	0.999061
35.991000	0.999072
36.001000	0.999082
36.011000	0.999093
36.021000	0.999104
36.031000	0.999115
36.041000	0.999126
36.051000	0.999137
36.061000	0.999148
36.071000	0.999160
36.081000	0.999171
36.091000	0.999182
36.101000	0.999194
36.111000	0.999205
36.121000	0.999217
36.131000	0.999228
36.141000	0.999240
36.151000	0.999252
36.161000	0.999264
36.171000	0.999276
36.181000	0.999288
36.191000	0.999299
36.201000	0.999312
36.211000	0.999324
36.221000	0.999336
36.231000	0.999348
36.241000	0.999360
36.251000	0.999372
36.261000	0.999385
36.271000	0.999397
36.281000	0.999409
36.291000	0.999422
36.301000	0.999434
36.311000	0.999447
36.321000	0.999459
36.331000	0.999472
36.341000	0.999485
36.351000	0.999497
36.361000	0.999510
36.371000	0.999523
36.381000	0.999535
36.391000	0.999548
36.401000	0.999561
36.411000	0.999574
36.421000	0.999586
36.431000	0.999599
36.441000	0.999612
36.451000	0.999625
36.461000	0.999638
36.471000	0.999651
36.481000	0.999664
36.491000	0.999677
36.501000	0.999690
36.511000	0.999703
36.521000	0.999716
36.531000	0.999729
36.541000	0.999742
36.551000	0.999755
36.561000	0.999768
36.571000	0.999781
36.581000	0.999794
36.591000	0.999807
36.601000	0.999820
36.611000	0.999833
36.621000	0.999846
36.631000	0.999859
36.641000	0.999872
36.651000	0.999885
36.661000	0.999898
36.671000	0.999911
36.681000	0.999924
36.691000	0.999937
36.701000	0.999950
36.711000	0.999963
36.721000	0.999975
36.731000	0.999988
36.741000	1.000001
36.751000	1.000014
36.761000	1.000027
36.771000	1.000040
36.781000	1.000052
36.791000	1.000065
36.801000	1.000078
36.811000	1.000091
36.821000	1.000103
36.831000	1.000116
36.841000	1.000128
36.851000	1.000141
36.861000	1.000154
36.871000	1.000166
36.881000	1.000178
36.891000	1.000191
36.901000	1.000203
36.911000	1.000216
36.921000	1.000228
36.931000	1.000240
36.941000	1.000252
36.951000	1.000265
36.961000	1.000277
36.971000	1.000289
36.981000	1.000301
36.991000	1.000313
37.001000	1.000325
37.011000	1.000337
37.021000	1.000348
37.031000	1.000360
37.041000	1.000372
37.051000	1.000383
37.061000	1.000395
37.071000	1.000407
37.081000	1.000418
37.091000	1.000429
37.101000	1.000441
37.111000	1.000452
37.121000	1.000463
37.131000	1.000474
37.141000	1.000486
37.151000	1.000497
37.161000	1.000508
37.171000	1.000518
37.181000	1.000529
37.191000	1.000540
37.201000	1.000551
37.211000	1.000561
37.221000	1.000572
37.231000	1.000582
37.241000	1.000593
37.251000	1.000603
37.261000	1.000613
37.271000	1.000623
37.281000	1.000633
37.291000	1.000643
37.301000	1.000653
37.311000	1.000663
37.321000	1.000673
37.331000	1.000682
37.341000	1.000692
37.351000	1.000701
37.361000	1.000711
37.371000	1.000720
37.381000	1.000729
37.391000	1.000738
37.401000	1.000747
37.411000	1.000756
37.421000	1.000765
37.431000	1.000774
37.441000	1.000782
37.451000	1.000791
37.461000	1.000799
37.471000	1.000808
37.481000	1.000816
37.491000	1.000824
37.501000	1.000832
37.511000	1.000840
37.521000	1.000848
37.531000	1.000856
37.541000	1.000863
37.551000	1.000871
37.561000	1.000879
37.571000	1.000886
37.581000	1.000893
37.591000	1.000900
37.601000	1.000907
37.611000	1.000914
37.621000	1.000921
37.631000	1.000928
37.641000	1.000934
37.651000	1.000941
37.661000	1.000947
37.671000	1.000954
37.681000	1.000960
37.691000	1.000966
37.701000	1.000972
37.711000	1.000978
37.721000	1.000984
37.731000	1.000989
37.741000	1.000995
37.751000	1.001000
37.761000	1.001005
37.771000	1.001011
37.781000	1.001016
37.791000	1.001021
37.801000	1.001025
37.811000	1.001030
37.821000	1.001035
37.831000	1.001039
37.841000	1.001044
37.851000	1.001048
37.861000	1.001052
37.871000	1.001056
37.881000	1.001060
37.891000	1.001064
37.901000	1.001068
37.911000	1.001071
37.921000	1.001075
37.931000	1.001078
37.941000	1.001081
37.951000	1.001084
37.961000	1.001087
37.971000	1.001090
37.981000	1.001093
37.991000	1.001095
38.001000	1.001098
38.011000	1.001100
38.021000	1.001102
38.031000	1.001105
38.041000	1.001107
38.051000	1.001109
38.061000	1.001110
38.071000	1.001112
38.081000	1.001114
38.091000	1.001115
38.101000	1.001116
38.111000	1.001117
38.121000	1.001119
38.131000	1.001120
38.141000	1.001120
38.151000	1.001121
38.161000	1.001122
38.171000	1.001122
38.181000	1.001122
38.191000	1.001123
38.201000	1.001123
38.211000	1.001123
38.221000	1.001123
38.231000	1.001122
38.241000	1.001122
38.251000	1.001122
38.261000	1.001121
38.271000	1.001120
38.281000	1.001120
38.291000	1.001119
38.301000	1.001118
38.311000	1.001116
38.321000	1.001115
38.331000	1.001114
38.341000	1.001112
38.351000	1.001111
38.361000	1.001109
38.371000	1.001107
38.381000	1.001105
38.391000	1.001103
38.401000	1.001101
38.411000	1.001098
38.421000	1.001096
38.431000	1.001093
38.441000	1.001091
38.451000	1.001088
38.461000	1.001085
38.471000	1.001082
38.481000	1.001079
38.491000	1.001076
38.501000	1.001072
38.511000	1.001069
38.521000	1.001065
38.531000	1.001062
38.541000	1.001058
38.551000	1.001054
38.561000	1.001050
38.571000	1.001046
38.581000	1.001042
38.591000	1.001038
38.601000	1.001033
38.611000	1.001029
38.621000	1.001024
38.631000	1.001019
38.641000	1.001015
38.651000	1.001010
38.661000	1.001005
38.671000	1.001000
38.681000	1.000994
38.691000	1.000989
38.701000	1.000984
38.711000	1.000978
38.721000	1.000973
38.731000	1.000967
38.741000	1.000961
38.751000	1.000955
38.761000	1.000949
38.771000	1.000943
38.781000	1.000937
38.791000	1.000931
38.801000	1.000925
38.811000	1.000918
38.821000	1.000912
38.831000	1.000905
38.841000	1.000898
38.851000	1.000892
38.861000	1.000885
38.871000	1.000878
38.881000	1.000871
38.891000	1.000864
38.901000	1.000856
38.911000	1.000849
38.921000	1.000842
38.931000	1.000834
38.941000	1.000827
38.951000	1.000819
38.961000	1.000811
38.971000	1.000804
38.981000	1.000796
38.991000	1.000788
39.001000	1.000780
39.011000	1.000772
39.021000	1.000764
39.031000	1.000756
39.041000	1.000747
39.051000	1.000739
39.061000	1.000731
39.071000	1.000722
39.081000	1.000714
39.091000	1.000705
39.101000	1.000696
39.111000	1.000688
39.121000	1.000679
39.131000	1.000670
39.141000	1.000661
39.151000	1.000652
39.161000	1.000643
39.171000	1.000634
39.181000	1.000625
39.191000	1.000616
39.201000	1.000606
39.211000	1.000597
39.221000	1.000588
39.231000	1.000578
39.241000	1.000569
39.251000	1.000559
39.261000	1.000550
39.271000	1.000540
39.281000	1.000530
39.291000	1.000521
39.301000	1.000511
39.311000	1.000501
39.321000	1.000491
39.331000	1.000481
39.341000	1.000472
39.351000	1.000462
39.361000	1.000452
39.371000	1.000442
39.381000	1.000431
39.391000	1.000421
39.401000	1.000411
39.411000	1.000401
39.421000	1.000391
39.431000	1.000381
39.441000	1.000370
39.451000	1.000360
39.461000	1.000350
39.471000	1.000339
39.481000	1.000329
39.491000	1.000319
39.501000	1.000308
39.511000	1.000298
39.521000	1.000287
39.531000	1.000277
39.541000	1.000266
39.551000	1.000256
39.561000	1.000245
39.571000	1.000235
39.581000	1.000224
39.591000	1.000214
39.601000	1.000203
39.611000	1.000193
39.621000	1.000182
39.631000	1.000171
39.641000	1.000161
39.651000	1.000150
39.661000	1.000139
39.671000	1.000129
39.681000	1.000118
39.691000	1.000107
39.701000	1.000097
39.711000	1.000086
39.721000	1.000076
39.731000	1.000065
39.741000	1.000054
39.751000	1.000044
39.761000	1.000033
39.771000	1.000022
39.781000	1.000012
39.791000	1.000001
39.801000	0.999991
39.811000	0.999980
39.821000	0.999969
39.831000	0.999959
39.841000	0.999948
39.851000	0.999938
39.861000	0.999927
39.871000	0.999917
39.881000	0.999906
39.891000	0.999896
39.901000	0.999885
39.911000	0.999875
39.921000	0.999865
39.931000	0.999854
39.941000	0.999844
39.951000	0.999834
39.961000	0.999823
39.971000	0.999813
39.981000	0.999803
39.991000	0.999793
40.001000	0.999782
40.011000	0.999772
40.021000	0.999762
40.031000	0.999752
40.041000	0.999742
40.051000	0.999732
40.061000	0.999722
40.071000	0.999712
40.081000	0.999702
40.091000	0.999692
40.101000	0.999683
40.111000	0.999673
40.121000	0.999663
40.131000	0.999653
40.141000	0.999644
40.151000	0.999634
40.161000	0.999625
40.171000	0.999615
40.181000	0.999606
40.191000	0.999596
40.201000	0.999587
40.211000	0.999577
40.221000	0.999568
40.231000	0.999559
40.241000	0.999550
40.251000	0.999541
40.261000	0.999532
40.271000	0.999523
40.281000	0.999514
40.291000	0.999505
40.301000	0.999496
40.311000	0.999487
40.321000	0.999479
40.331000	0.999470
40.341000	0.999461
40.351000	0.999453
40.361000	0.999444
40.371000	0.999436
40.381000	0.999428
40.391000	0.999419
40.401000	0.999411
40.411000	0.999403
40.421000	0.999395
40.431000	0.999387
40.441000	0.999379
40.451000	0.999371
40.461000	0.999364
40.471000	0.999356
40.481000	0.999348
40.491000	0.999341
40.501000	0.999333
40.511000	0.999326
40.521000	0.999318
40.531000	0.999311
40.541000	0.999304
40.551000	0.999297
40.561000	0.999290
40.571000	0.999283
40.581000	0.999276
40.591000	0.999269
40.601000	0.999262
40.611000	0.999256
40.621000	0.999249
40.631000	0.999243
40.641000	0.999236
40.651000	0.999230
40.661000	0.999224
40.671000	0.999218
40.681000	0.999212
40.691000	0.999206
40.701000	0.999200
40.711000	0.999194
40.721000	0.999188
40.731000	0.999183
40.741000	0.999177
40.751000	0.999172
40.761000	0.999166
40.771000	0.999161
40.781000	0.999156
40.791000	0.999151
40.801000	0.999146
40.811000	0.999141
40.821000	0.999136
40.831000	0.999131
40.841000	0.999127
40.851000	0.999122
40.861000	0.999118
40.871000	0.999113
40.881000	0.999109
40.891000	0.999105
40.901000	0.999101
40.911000	0.999097
40.921000	0.999093
40.931000	0.999089
40.941000	0.999085
40.951000	0.999082
40.961000	0.999078
40.971000	0.999075
40.981000	0.999071
40.991000	0.999068
